Lowest modes of the deviatoric form on ker G_h against the H1 seminorm
under a perfectly plastic tangent inside a confined zone (beta = 1 where
|dev eps(u)| > 0.35 of its peak, elastic elsewhere), flow direction
n = dev eps(u)/|dev eps(u)| from the prescribed field u.  r_v is the
dilatation of the mode; `plastic` is the volume fraction of the zone.
n_spur/20 counts the modes among the twenty lowest with r_v > 0.1,
and `first` is the index of the first such mode (0 if none).

field: punch (zone under an indenter)    bc: all
pair                 N  plastic  dim ker lam1 el  lam1 pl  lam2 pl  lam3 pl  r_v pl1  r_v pl2  r_v pl3  n_spur/20 first
----------------------------------------------------------------------------------------------------------------------------
P2/P0                2  0.502    37      0.502    0.228    0.286    0.324    0.148    0.331    0.221    16        1
P2/P0                3  0.513    217     0.5      0.185    0.198    0.2      0.0543   0.0568   0.317    16        3
P2/P0                4  0.513    649     0.5      0.131    0.137    0.139    0.0607   0.0412   0.118    15        3
P2/P0                5  0.513    1441    0.5      0.0776   0.0809   0.0984   0.0287   0.0285   0.0391   7         12
P2+face/P0           2  0.502    250     0.5      0.178    0.184    0.201    0.103    0.0767   0.292    19        1
P2+face/P0           3  0.513    1024    0.5      0.109    0.123    0.124    0.077    0.0738   0.104    18        3
P2+face/P0           4  0.513    2662    0.5      0.0712   0.0733   0.0877   0.044    0.041    0.113    17        3
P2+face/P0           5  0.513    5488    0.5      0.052    0.0522   0.0566   0.0244   0.0237   0.0407   5         15
P2+int+face/P1disc   2  0.502    250     0.5      0.169    0.175    0.187    0.0678   0.0752   0.115    9         3
P2+int+face/P1disc   3  0.513    1024    0.5      0.132    0.14     0.155    0.0446   0.0575   0.0931   4         17
P2+int+face/P1disc   4  0.513    2662    0.5      0.0914   0.0926   0.115    0.0189   0.0202   0.0217   0         0
P2+int+face/P1disc   5  0.513    5488    0.5      0.0622   0.0622   0.0778   0.00863  0.00866  0.013    0         0
P2/P1c (TH)          2  0.502    55      0.503    0.244    0.287    0.292    0.24     0.328    0.328    20        1
P2/P1c (TH)          3  0.513    312     0.5      0.151    0.164    0.171    0.308    0.353    0.238    20        1
P2/P1c (TH)          4  0.513    905     0.5      0.0952   0.0997   0.106    0.139    0.0644   0.279    18        1
P2/P1c (TH)          5  0.513    1972    0.5      0.0648   0.0682   0.0791   0.0563   0.0397   0.261    17        3

field: punch (zone under an indenter)    bc: zface
pair                 N  plastic  dim ker lam1 el  lam1 pl  lam2 pl  lam3 pl  r_v pl1  r_v pl2  r_v pl3  n_spur/20 first
----------------------------------------------------------------------------------------------------------------------------
P2/P0                2  0.502    252     0.0751   0.0593   0.074    0.0835   0.0469   0.00552  0.0934   14        5
P2/P0                3  0.513    720     0.0711   0.0492   0.0591   0.0676   0.019    0.0262   0.0325   11        6
P2/P0                4  0.513    1560    0.0701   0.0333   0.0521   0.0523   0.00984  0.011    0.0262   1         17
P2/P0                5  0.513    2880    0.0697   0.0243   0.0422   0.0425   0.00593  0.0114   0.0111   0         0
P2+face/P0           2  0.502    588     0.0706   0.046    0.0609   0.0697   0.0838   0.178    0.287    17        2
P2+face/P0           3  0.513    1800    0.0688   0.0288   0.0529   0.054    0.0142   0.105    0.0507   13        2
P2+face/P0           4  0.513    4056    0.0686   0.0268   0.0386   0.0419   0.0145   0.0296   0.0153   5         13
P2+face/P0           5  0.513    7680    0.0687   0.0203   0.0304   0.0318   0.00828  0.0129   0.0144   0         0
P2+int+face/P1disc   2  0.502    588     0.0726   0.0722   0.0726   0.0811   0.00141  0.00846  0.0093   0         0
P2+int+face/P1disc   3  0.513    1800    0.071    0.0379   0.0621   0.0692   0.00459  0.00386  0.00592  0         0
P2+int+face/P1disc   4  0.513    4056    0.0703   0.0327   0.0475   0.0495   0.00308  0.00365  0.00529  0         0
P2+int+face/P1disc   5  0.513    7680    0.0701   0.0242   0.037    0.0389   0.00111  0.00301  0.00276  0         0
P2/P1c (TH)          2  0.502    273     0.0741   0.0694   0.0731   0.0904   0.0318   0.00691  0.055    16        5
P2/P1c (TH)          3  0.513    818     0.0717   0.0459   0.0598   0.0683   0.0206   0.0174   0.0412   14        7
P2/P1c (TH)          4  0.513    1819    0.0708   0.0348   0.0498   0.0517   0.00834  0.0121   0.0291   7         13
P2/P1c (TH)          5  0.513    3414    0.0704   0.0241   0.0374   0.0402   0.00505  0.0226   0.0154   5         15

field: twist 90 (torsion)    bc: all
pair                 N  plastic  dim ker lam1 el  lam1 pl  lam2 pl  lam3 pl  r_v pl1  r_v pl2  r_v pl3  n_spur/20 first
----------------------------------------------------------------------------------------------------------------------------
P2/P0                2  0.974    37      0.502    0.217    0.284    0.288    0.223    0.12     0.153    20        1
P2/P0                3  0.97     217     0.5      0.147    0.171    0.178    0.309    0.263    0.159    14        1
P2/P0                4  0.973    649     0.5      0.118    0.123    0.128    0.246    0.208    0.228    18        1
P2/P0                5  0.972    1441    0.5      0.0829   0.106    0.108    0.0322   0.0476   0.204    15        3
P2+face/P0           2  0.974    250     0.5      0.107    0.129    0.151    0.371    0.333    0.27     20        1
P2+face/P0           3  0.97     1024    0.5      0.0917   0.0991   0.105    0.367    0.308    0.169    18        1
P2+face/P0           4  0.973    2662    0.5      0.0649   0.0684   0.0749   0.033    0.035    0.0795   13        4
P2+face/P0           5  0.972    5488    0.5      0.0491   0.0507   0.0541   0.0288   0.0286   0.0348   8         6
P2+int+face/P1disc   2  0.974    250     0.5      0.13     0.175    0.187    0.101    0.0683   0.133    7         1
P2+int+face/P1disc   3  0.97     1024    0.5      0.101    0.105    0.12     0.0795   0.0848   0.062    1         4
P2+int+face/P1disc   4  0.973    2662    0.5      0.0758   0.0828   0.0885   0.0291   0.0204   0.0662   4         10
P2+int+face/P1disc   5  0.972    5488    0.5      0.0607   0.0632   0.068    0.0201   0.0178   0.0152   0         0
P2/P1c (TH)          2  0.974    55      0.503    0.181    0.191    0.244    0.29     0.287    0.159    20        1
P2/P1c (TH)          3  0.97     312     0.5      0.0977   0.101    0.114    0.366    0.369    0.565    20        1
P2/P1c (TH)          4  0.973    905     0.5      0.0548   0.0649   0.0692   0.656    0.432    0.408    20        1
P2/P1c (TH)          5  0.972    1972    0.5      0.0327   0.0439   0.0465   0.742    0.515    0.453    20        1

field: twist 90 (torsion)    bc: zface
pair                 N  plastic  dim ker lam1 el  lam1 pl  lam2 pl  lam3 pl  r_v pl1  r_v pl2  r_v pl3  n_spur/20 first
----------------------------------------------------------------------------------------------------------------------------
P2/P0                2  0.974    252     0.0751   0.00264  0.00527  0.0109   0.00198  0.0054   0.00683  12        8
P2/P0                3  0.97     720     0.0711   0.00156  0.00305  0.00509  0.00118  0.00127  0.00333  5         11
P2/P0                4  0.973    1560    0.0701   0.000908 0.00217  0.00349  0.000779 0.000666 0.00227  2         14
P2/P0                5  0.972    2880    0.0697   0.00059  0.00189  0.00294  0.000579 0.0004   0.00151  0         0
P2+face/P0           2  0.974    588     0.0706   0.00215  0.00373  0.00708  0.00284  0.00611  0.0179   16        5
P2+face/P0           3  0.97     1800    0.0688   0.000963 0.00233  0.00345  0.00112  0.00159  0.0049   13        7
P2+face/P0           4  0.973    4056    0.0686   0.000432 0.00198  0.00264  0.000489 0.000856 0.00285  7         12
P2+face/P0           5  0.972    7680    0.0687   0.000213 0.00177  0.00243  0.000251 0.000516 0.00175  4         14
P2+int+face/P1disc   2  0.974    588     0.0726   0.00303  0.00518  0.00918  0.000864 0.00183  0.00251  0         0
P2+int+face/P1disc   3  0.97     1800    0.071    0.00124  0.00297  0.00468  0.000578 0.000269 0.000968 0         0
P2+int+face/P1disc   4  0.973    4056    0.0703   0.00059  0.00236  0.00345  0.000286 0.000109 0.000456 0         0
P2+int+face/P1disc   5  0.972    7680    0.0701   0.000315 0.00201  0.00296  0.000154 6.08e-5  0.000244 0         0
P2/P1c (TH)          2  0.974    273     0.0741   0.00313  0.00585  0.0104   0.00149  0.00344  0.00785  13        6
P2/P1c (TH)          3  0.97     818     0.0717   0.00111  0.00326  0.00471  0.0084   0.00398  0.00832  12        5
P2/P1c (TH)          4  0.973    1819    0.0708   0.000377 0.00231  0.00332  0.0133   0.00183  0.0102   13        5
P2/P1c (TH)          5  0.972    3414    0.0704   0.000153 0.00197  0.00285  0.0123   0.00141  0.0147   12        5

